SDK_VERSION=10.0.26100.0
MSVC_VERSION=14.44.35207
